

                       <<Optimized Covering Layout>>




-->List := 0


[0][0]            (0, 0) (2, 0) (2, 3)
[0][1]            (1, 0) (1, 1) (2, 1)
[0][2]            (1, 1) (2, 1) (2, 2)
[0][3]            (1, 1) (1, 2) (2, 2)
[0][4]            (0, 0) (0, 3) (3, 3)
[0][5]            (0, 0) (0, 1) (1, 1)
[0][6]            (0, 1) (1, 1) (1, 2)

-->List := 1


[0][0]            (1, 0) (2, 0) (2, 3)
[0][1]            (1, 0) (2, 0) (2, 2)
[0][2]            (1, 0) (1, 2) (2, 2)

-->List := 2


[0][0]            (1, 1) (2, 1) (2, 3)
[0][1]            (0, 1) (1, 1) (1, 3)
[0][2]            (0, 1) (0, 3) (1, 3)

-->List := 3


[0][0]            (0, 0) (0, 3) (2, 3)
[0][1]            (0, 0) (2, 0) (2, 2)
[0][2]            (0, 0) (0, 2) (2, 2)

-->List := 4


[0][0]            (1, 0) (1, 3) (3, 3)
[0][1]            (0, 1) (2, 1) (2, 2)
[0][2]            (0, 1) (0, 2) (2, 2)

-->List := 5


[0][0]            (0, 0) (3, 0) (3, 3)
[0][1]            (0, 0) (2, 0) (2, 1)
[0][2]            (0, 0) (0, 1) (2, 1)

-->List := 6


[0][0]            (1, 0) (3, 0) (3, 3)
[0][1]            (0, 1) (0, 3) (2, 3)

-->List := 7


[0][0]            (0, 0) (0, 1) (3, 1)
[0][1]            (1, 0) (1, 2) (3, 2)

-->List := 8


[0][0]            (1, 0) (1, 1) (3, 1)
[0][1]            (1, 1) (1, 2) (3, 2)

-->List := 9


[0][0]            (1, 0) (3, 0) (3, 2)
[0][1]            (0, 0) (1, 0) (1, 1)

-->List := 10


[0][0]            (0, 0) (0, 3) (1, 3)
[0][1]            (1, 0) (2, 0) (2, 1)

-->List := 11


[0][0]            (1, 0) (3, 0) (3, 1)
[0][1]            (1, 1) (1, 3) (2, 3)

-->List := 12


[0][0]            (1, 0) (1, 3) (2, 3)
[0][1]            (0, 0) (1, 0) (1, 3)

-->List := 13


[0][0]            (0, 1) (0, 2) (3, 2)
[0][1]            (0, 0) (0, 2) (1, 2)

-->List := 14


[0][0]            (0, 1) (2, 1) (2, 3)
[0][1]            (0, 0) (1, 0) (1, 2)

-->List := 15


[0][0]            (0, 0) (0, 2) (3, 2)

-->List := 16


[0][0]            (0, 1) (0, 2) (1, 2)

-->List := 17


[0][0]            (0, 0) (3, 0) (3, 2)

-->List := 18


[0][0]            (1, 1) (1, 3) (3, 3)

-->List := 19


[0][0]            (1, 1) (3, 1) (3, 2)

-->List := 20


[0][0]            (0, 1) (3, 1) (3, 3)

-->List := 21


[0][0]            (1, 1) (3, 1) (3, 3)

-->List := 22


[0][0]            (0, 1) (3, 1) (3, 2)

-->List := 23


[0][0]            (0, 1) (0, 3) (3, 3)

-->List := 24


[0][0]            (0, 0) (3, 0) (3, 1)


                       <<End Of Document>>


